T, ⟨ϵ⟩, ⟨|m|⟩, C_V, χ
Lattice size: 40×40
2.1, -1.64973, 0.860275, 1.18512, 1.33437
2.11837, -1.63146, 0.848884, 1.2445, 1.60348
2.13673, -1.6108, 0.835495, 1.31675, 1.97981
2.1551, -1.58832, 0.8177, 1.42825, 2.93573
2.17347, -1.56479, 0.797021, 1.52335, 4.97333
2.19184, -1.53996, 0.775626, 1.6319, 5.50015
2.2102, -1.51411, 0.749652, 1.75844, 8.1045
2.22857, -1.48196, 0.710675, 1.89264, 11.9076
2.24694, -1.44838, 0.658977, 2.10479, 18.6916
2.26531, -1.41455, 0.608377, 2.18614, 23.3797
2.28367, -1.37656, 0.543122, 2.13182, 27.2648
2.29592, -1.35032, 0.490676, 2.13016, 31.0545
2.30816, -1.33043, 0.454221, 2.02636, 30.8889
2.32041, -1.30871, 0.417426, 1.95577, 31.0517
2.33265, -1.28559, 0.368318, 1.71623, 28.4071
2.3449, -1.26707, 0.336423, 1.64576, 27.181
2.35714, -1.24832, 0.305885, 1.51624, 24.0668
2.36939, -1.23177, 0.28289, 1.41836, 21.8082
2.38163, -1.21662, 0.266994, 1.36896, 20.2543
2.39388, -1.20224, 0.2489, 1.27547, 17.9789
2.10612, -1.64448, 0.856818, 1.20899, 1.42505
2.12449, -1.62572, 0.845165, 1.25855, 1.66909
2.14286, -1.60535, 0.831389, 1.3517, 2.16756
2.16122, -1.58119, 0.811785, 1.4486, 2.91329
2.17959, -1.55895, 0.793882, 1.56426, 4.51802
2.19796, -1.53023, 0.760125, 1.75151, 9.27228
2.21633, -1.50537, 0.742699, 1.7893, 7.50518
2.23469, -1.46976, 0.688154, 2.02002, 15.7129
2.25306, -1.43773, 0.641325, 2.11113, 20.9205
2.27143, -1.40076, 0.58602, 2.13582, 23.8166
2.2898, -1.36504, 0.519267, 2.18116, 29.7849
2.30204, -1.34156, 0.482201, 2.06672, 29.4071
2.31429, -1.32171, 0.444366, 1.93986, 29.8077
2.32653, -1.29539, 0.386016, 1.81814, 30.001
2.33878, -1.27565, 0.354049, 1.72242, 28.5896
2.35102, -1.25634, 0.318256, 1.56736, 25.1537
2.36327, -1.24242, 0.30243, 1.48543, 23.5366
2.37551, -1.22574, 0.276873, 1.41801, 21.8524
2.38776, -1.20767, 0.245907, 1.29452, 18.4393
2.4, -1.194, 0.231208, 1.22708, 16.5736
2.11224, -1.63802, 0.853088, 1.20639, 1.42559
2.13061, -1.61732, 0.838575, 1.31677, 2.23409
2.14898, -1.5973, 0.825474, 1.36944, 2.34159
2.16735, -1.57369, 0.806085, 1.4979, 3.64322
2.18571, -1.54946, 0.786589, 1.55893, 4.21243
2.20408, -1.52191, 0.754714, 1.74173, 8.90844
2.22245, -1.49377, 0.724667, 1.9, 11.5493
2.24082, -1.45794, 0.675089, 1.97594, 15.9803
2.25918, -1.42606, 0.630933, 2.10711, 20.5619
2.27755, -1.38521, 0.550661, 2.14534, 28.5443
Lattice size: 60×60
2.1, -1.65086, 0.859749, 1.24893, 3.38515
2.11837, -1.63165, 0.847391, 1.31562, 3.44641
2.13673, -1.61173, 0.834501, 1.37005, 3.42907
2.1551, -1.58978, 0.816763, 1.47925, 6.81321
2.19184, -1.54155, 0.77486, 1.73801, 9.17086
2.17347, -1.56707, 0.799872, 1.56799, 4.86878
2.2102, -1.51375, 0.747846, 1.83436, 9.60352
2.22857, -1.48149, 0.701403, 2.07621, 19.4589
2.24694, -1.44783, 0.643704, 2.28127, 35.8313
2.26531, -1.4055, 0.548604, 2.47485, 59.0978
2.28367, -1.36692, 0.464391, 2.38445, 61.6151
2.29592, -1.3408, 0.394891, 2.16471, 66.6725
2.30816, -1.31906, 0.348757, 1.95936, 59.1071
2.32041, -1.29762, 0.304575, 1.79693, 51.4232
2.33265, -1.27787, 0.262123, 1.60218, 42.0674
2.3449, -1.26109, 0.238724, 1.52151, 38.1545
2.35714, -1.24359, 0.213341, 1.41528, 33.1935
2.36939, -1.22947, 0.19818, 1.36057, 29.2827
2.38163, -1.21379, 0.176622, 1.26192, 23.0171
2.39388, -1.20077, 0.165087, 1.20283, 20.786
2.10612, -1.64486, 0.857618, 1.21737, 1.44163
2.12449, -1.62513, 0.84435, 1.28739, 2.33329
2.14286, -1.60448, 0.8301, 1.39681, 2.69355
2.16122, -1.58246, 0.813531, 1.50167, 3.80163
2.17959, -1.55798, 0.793017, 1.58294, 4.39451
2.19796, -1.5327, 0.769028, 1.70818, 7.188
2.21633, -1.50452, 0.739119, 1.81487, 9.26379
2.23469, -1.46974, 0.68359, 2.08748, 23.6117
2.25306, -1.43701, 0.632841, 2.26178, 34.773
2.27143, -1.39421, 0.531284, 2.39091, 54.0937
2.2898, -1.35485, 0.431422, 2.29121, 66.2389
2.30204, -1.3314, 0.379098, 2.10882, 61.5758
2.31429, -1.30569, 0.315929, 1.86173, 54.3421
2.32653, -1.2881, 0.294238, 1.68926, 46.3107
2.33878, -1.26927, 0.257821, 1.5884, 40.5686
2.35102, -1.25183, 0.221875, 1.44357, 34.7441
2.36327, -1.23621, 0.199474, 1.38207, 28.8838
2.37551, -1.22067, 0.180414, 1.28387, 24.5357
2.38776, -1.20701, 0.172807, 1.25122, 22.5227
2.4, -1.19343, 0.159575, 1.19978, 19.695
2.11224, -1.63889, 0.853095, 1.26832, 2.32889
2.13061, -1.61862, 0.840197, 1.3278, 2.10495
2.14898, -1.59806, 0.825662, 1.4073, 2.89613
2.16735, -1.57546, 0.807039, 1.50237, 5.51698
2.18571, -1.55067, 0.78479, 1.63702, 7.86671
2.20408, -1.5234, 0.758823, 1.74768, 7.99873
2.22245, -1.49424, 0.723916, 1.90111, 13.5314
2.24082, -1.4567, 0.659317, 2.1835, 29.1643
2.25918, -1.41654, 0.573043, 2.45342, 54.1377
2.27755, -1.382, 0.504382, 2.36767, 59.8998
Lattice size: 80×80
2.1, -1.64987, 0.854745, 1.3692, 14.8996
2.11837, -1.63193, 0.846326, 1.36977, 8.21681
2.13673, -1.61167, 0.835157, 1.41523, 3.48602
2.1551, -1.58957, 0.817474, 1.54121, 7.41696
2.17347, -1.56677, 0.800524, 1.59206, 4.51909
2.19184, -1.54157, 0.778793, 1.68622, 5.38476
2.2102, -1.51398, 0.747836, 1.86021, 10.6164
2.22857, -1.48101, 0.699606, 2.14423, 26.3211
2.24694, -1.44506, 0.631302, 2.4427, 57.0938
2.26531, -1.40051, 0.511234, 2.73646, 99.0407
2.28367, -1.35817, 0.382014, 2.37691, 105.974
2.29592, -1.33551, 0.331967, 2.18016, 97.0123
2.30816, -1.3127, 0.2709, 1.8384, 74.3634
2.33265, -1.27482, 0.200524, 1.59212, 52.8654
2.32041, -1.29218, 0.220538, 1.68765, 62.3277
2.3449, -1.25934, 0.180897, 1.46878, 44.4709
2.35714, -1.24269, 0.156034, 1.40956, 34.4572
2.36939, -1.22683, 0.142961, 1.34102, 29.9007
2.38163, -1.2124, 0.125406, 1.25847, 22.5715
2.39388, -1.19897, 0.120136, 1.22219, 21.1351
2.10612, -1.64379, 0.855325, 1.31701, 3.75175
2.12449, -1.62446, 0.843079, 1.39682, 4.63887
2.14286, -1.60457, 0.830566, 1.44363, 3.94146
2.16122, -1.58137, 0.810772, 1.55685, 7.17916
2.17959, -1.55767, 0.792734, 1.64689, 6.1837
2.19796, -1.53028, 0.759606, 1.87828, 19.3678
2.21633, -1.50311, 0.735679, 1.92611, 11.1783
2.23469, -1.46841, 0.678281, 2.21463, 30.0084
2.25306, -1.4308, 0.602157, 2.4478, 58.972
2.27143, -1.38504, 0.461963, 2.59896, 107.915
2.2898, -1.3475, 0.363139, 2.31613, 105.042
2.30204, -1.32139, 0.287817, 1.96745, 86.2828
2.31429, -1.3013, 0.252414, 1.8263, 70.4302
2.32653, -1.28263, 0.202221, 1.62254, 55.4315
2.33878, -1.26623, 0.192423, 1.57401, 49.8939
2.35102, -1.24919, 0.166742, 1.4327, 39.523
2.36327, -1.23358, 0.146442, 1.38571, 31.7098
2.37551, -1.21908, 0.136958, 1.31735, 27.0324
2.38776, -1.20503, 0.126262, 1.23911, 22.4194
2.4, -1.19112, 0.115651, 1.19862, 19.832
2.11224, -1.63652, 0.848129, 1.41902, 9.93435
2.13061, -1.61681, 0.836824, 1.44126, 7.4132
2.14898, -1.59656, 0.824431, 1.46529, 3.95356
2.16735, -1.57341, 0.804685, 1.64816, 6.39221
2.18571, -1.54932, 0.785845, 1.66075, 5.16762
2.20408, -1.5225, 0.75821, 1.80932, 8.75357
2.22245, -1.49206, 0.718491, 2.031, 17.4779
2.24082, -1.45634, 0.660747, 2.26031, 35.2733
2.25918, -1.41721, 0.576952, 2.50358, 62.8207
2.27755, -1.37183, 0.416632, 2.58882, 115.741
Lattice size: 100×100
2.1, -1.64936, 0.849304, 1.52395, 39.1944
2.13673, -1.61075, 0.829765, 1.59398, 22.2871
2.11837, -1.63126, 0.847727, 1.41134, 6.60232
2.1551, -1.58826, 0.806606, 1.75748, 43.8911
2.17347, -1.56641, 0.800584, 1.63553, 4.67972
2.19184, -1.54059, 0.776056, 1.74162, 8.43701
2.2102, -1.5122, 0.741175, 1.99636, 22.6125
2.22857, -1.48166, 0.702181, 2.1513, 26.9379
2.24694, -1.4439, 0.624691, 2.54903, 66.6372
2.26531, -1.40142, 0.50549, 2.74785, 131.06
2.28367, -1.35665, 0.341311, 2.34486, 152.622
2.30816, -1.30981, 0.206861, 1.75555, 84.4516
2.32041, -1.29181, 0.185982, 1.63365, 70.5501
2.29592, -1.33251, 0.280958, 2.1024, 124.896
2.3449, -1.25798, 0.1414, 1.48769, 44.8637
2.33265, -1.27395, 0.16304, 1.57878, 56.5848
2.36939, -1.22659, 0.114445, 1.34254, 29.8305
2.35714, -1.24246, 0.126743, 1.41577, 36.921
2.39388, -1.19891, 0.0965346, 1.22821, 21.6475
2.38163, -1.21263, 0.10426, 1.29967, 26.2716
2.10612, -1.64445, 0.855148, 1.38121, 7.29126
2.12449, -1.62515, 0.843237, 1.43228, 7.1767
2.14286, -1.60355, 0.820892, 1.68506, 36.067
2.16122, -1.58228, 0.81328, 1.5487, 4.48576
2.17959, -1.55876, 0.793041, 1.70202, 7.4156
2.19796, -1.53198, 0.763841, 1.85001, 18.7256
2.21633, -1.50365, 0.734176, 2.00146, 14.6666
2.23469, -1.47084, 0.681621, 2.29607, 38.9565
2.25306, -1.43032, 0.579453, 2.71148, 114.83
2.27143, -1.38585, 0.445161, 2.65609, 154.04
2.2898, -1.34665, 0.33127, 2.30258, 136.305
2.31429, -1.30227, 0.209869, 1.76413, 85.4617
2.30204, -1.32308, 0.260708, 1.98328, 112.721
2.32653, -1.28411, 0.183727, 1.68135, 68.6364
2.33878, -1.26661, 0.151991, 1.52102, 49.4513
2.35102, -1.25057, 0.137993, 1.43887, 39.6945
2.36327, -1.23452, 0.120028, 1.37375, 32.0339
2.37551, -1.21971, 0.107589, 1.29939, 26.9127
2.38776, -1.20626, 0.101336, 1.25912, 23.7445
2.4, -1.19256, 0.0926139, 1.21898, 19.8898
2.11224, -1.638, 0.849826, 1.41596, 12.8524
2.13061, -1.61867, 0.839927, 1.45825, 4.48099
2.14898, -1.5965, 0.813256, 1.73137, 40.9996
2.16735, -1.57428, 0.802204, 1.69601, 23.3114
2.18571, -1.54981, 0.782445, 1.78885, 15.2194
2.20408, -1.52489, 0.762097, 1.79471, 8.32636
2.22245, -1.49157, 0.714747, 2.10661, 22.4837
2.24082, -1.45662, 0.648688, 2.40222, 67.6408
2.25918, -1.41382, 0.539738, 2.72101, 112.172
2.27755, -1.3733, 0.41261, 2.72548, 147.722
