T, ⟨ϵ⟩, ⟨|m|⟩, C_V, χ
Lattice size: 40×40
2.2, -1.52766, 0.763384, 1.71041, 6.86526
2.21837, -1.49944, 0.732938, 1.82012, 9.25135
2.20918, -1.51354, 0.749051, 1.75697, 7.21617
2.23673, -1.46492, 0.683073, 2.04605, 16.1113
2.24592, -1.44727, 0.652187, 2.16355, 20.9625
2.22755, -1.48124, 0.702741, 1.9828, 14.8437
2.2551, -1.43111, 0.634081, 2.12223, 20.0938
2.26429, -1.41167, 0.600972, 2.16235, 23.8806
2.27347, -1.39627, 0.574191, 2.1739, 26.4398
2.28265, -1.37956, 0.55023, 2.14249, 27.2524
2.29184, -1.35938, 0.507818, 2.14243, 30.4543
2.29796, -1.34664, 0.485779, 2.10899, 30.6556
2.3102, -1.32454, 0.446118, 1.96521, 30.0872
2.30408, -1.33752, 0.472197, 2.06054, 30.2109
2.31633, -1.31399, 0.424863, 1.95753, 30.5891
2.32857, -1.29145, 0.383219, 1.8044, 28.8865
2.32245, -1.30109, 0.400461, 1.84891, 29.0376
2.34082, -1.27339, 0.356504, 1.71834, 27.6062
2.33469, -1.28108, 0.361726, 1.74961, 28.3031
2.34694, -1.26192, 0.331915, 1.59584, 25.6229
2.20306, -1.52318, 0.758282, 1.75032, 7.4374
2.21224, -1.5096, 0.745362, 1.79179, 7.63264
2.22143, -1.49413, 0.725707, 1.85889, 9.9932
2.2398, -1.46199, 0.682654, 2.00969, 15.0558
2.23061, -1.47989, 0.70831, 1.92774, 12.1621
2.24898, -1.44553, 0.65992, 2.10019, 17.7765
2.25816, -1.4263, 0.623217, 2.19024, 22.7761
2.26735, -1.40646, 0.58832, 2.21954, 26.0188
2.27653, -1.39172, 0.57261, 2.1527, 25.0617
2.28571, -1.36879, 0.519836, 2.14194, 30.1812
2.2949, -1.35693, 0.510879, 2.11715, 28.7538
2.30102, -1.34496, 0.483211, 2.07727, 31.0513
2.31327, -1.3204, 0.441839, 1.996, 29.916
2.30714, -1.32896, 0.447111, 2.04018, 31.3841
2.31939, -1.31081, 0.424908, 1.89458, 28.8488
2.32551, -1.29815, 0.393202, 1.85917, 30.2713
2.33163, -1.28684, 0.369961, 1.76118, 29.3477
2.34388, -1.26835, 0.343217, 1.65902, 26.889
2.33776, -1.2777, 0.357306, 1.70874, 28.1372
2.35, -1.26088, 0.337473, 1.61315, 25.6208
2.20612, -1.51833, 0.750667, 1.78154, 8.78388
2.21531, -1.50383, 0.736835, 1.82414, 9.11861
2.22449, -1.48939, 0.719263, 1.89985, 10.7837
2.23367, -1.47194, 0.691898, 2.01215, 15.483
2.24286, -1.45298, 0.658867, 2.16056, 20.7424
2.25204, -1.44351, 0.660447, 2.05086, 16.8322
2.26122, -1.42621, 0.633014, 2.13648, 20.3719
2.27041, -1.4008, 0.577306, 2.14502, 27.1237
2.27959, -1.38117, 0.545752, 2.11078, 27.4788
2.28878, -1.36484, 0.512394, 2.14645, 30.6755
Lattice size: 60×60
2.20918, -1.51327, 0.747, 1.85332, 8.58432
2.2, -1.52939, 0.766903, 1.71083, 6.35982
2.22755, -1.48445, 0.705922, 2.02812, 21.3246
2.21837, -1.49891, 0.724954, 1.97276, 16.8427
2.23673, -1.46708, 0.684538, 2.08482, 21.1617
2.24592, -1.44746, 0.644674, 2.30234, 33.4992
2.2551, -1.42849, 0.604979, 2.41876, 44.0946
2.26429, -1.40737, 0.555024, 2.46211, 55.7748
2.27347, -1.39208, 0.53548, 2.37184, 53.5294
2.28265, -1.37015, 0.476632, 2.2976, 60.2178
2.29184, -1.34905, 0.420915, 2.22236, 61.9321
2.29796, -1.33762, 0.398474, 2.14857, 60.5808
2.30408, -1.3273, 0.38058, 2.0558, 59.3262
2.3102, -1.31316, 0.335611, 1.91459, 56.2815
2.31633, -1.30407, 0.322666, 1.90323, 54.9686
2.32245, -1.2934, 0.291804, 1.75334, 49.8595
2.32857, -1.28271, 0.26825, 1.69842, 46.6475
2.33469, -1.27504, 0.270584, 1.63443, 42.7057
2.34082, -1.26482, 0.245559, 1.5908, 39.6763
2.34694, -1.2576, 0.232647, 1.52181, 37.1516
2.20306, -1.52562, 0.761287, 1.78253, 9.15709
2.21224, -1.50909, 0.740375, 1.84708, 12.3181
2.22143, -1.49321, 0.720345, 1.96122, 14.5398
2.23061, -1.47711, 0.696784, 2.05154, 19.6159
2.2398, -1.45443, 0.639207, 2.35508, 45.1789
2.24898, -1.43988, 0.627204, 2.31901, 38.7298
2.25816, -1.42139, 0.589071, 2.40103, 47.1701
2.26735, -1.40339, 0.554322, 2.35643, 52.485
2.27653, -1.38194, 0.4993, 2.39375, 60.3713
2.28571, -1.36475, 0.468351, 2.294, 60.0898
2.2949, -1.34474, 0.420201, 2.11391, 59.2471
2.30102, -1.33335, 0.393078, 2.07959, 59.0337
2.30714, -1.32234, 0.36588, 2.05323, 59.4877
2.31327, -1.31083, 0.342659, 1.90256, 53.3081
2.31939, -1.29902, 0.307528, 1.82369, 52.667
2.32551, -1.28891, 0.289094, 1.74642, 49.0002
2.33163, -1.27888, 0.267423, 1.64039, 45.0255
2.33776, -1.27133, 0.258514, 1.62621, 42.9508
2.34388, -1.26174, 0.236137, 1.48245, 36.4038
2.35, -1.2529, 0.22972, 1.48631, 36.1435
2.20612, -1.52014, 0.756306, 1.78485, 8.12696
2.21531, -1.50561, 0.738233, 1.88308, 12.6962
2.22449, -1.48896, 0.714804, 1.95772, 15.6194
2.23367, -1.47458, 0.699289, 2.02159, 16.843
2.24286, -1.45462, 0.657106, 2.26101, 32.5245
2.25204, -1.43382, 0.618413, 2.36692, 40.1483
2.26122, -1.41615, 0.58276, 2.38967, 47.0521
2.27041, -1.39361, 0.527521, 2.44294, 56.9634
2.27959, -1.37196, 0.469393, 2.39901, 65.9107
2.28878, -1.35714, 0.451083, 2.25845, 60.7412
Lattice size: 80×80
2.2, -1.53047, 0.76667, 1.74992, 8.63328
2.20918, -1.51546, 0.747439, 1.90232, 14.2254
2.21837, -1.50241, 0.737238, 1.87498, 11.2456
2.22755, -1.48407, 0.70591, 2.09685, 20.8498
2.23673, -1.46842, 0.686044, 2.12416, 24.9001
2.24592, -1.44879, 0.639242, 2.39455, 52.256
2.2551, -1.42958, 0.606232, 2.44597, 56.1906
2.26429, -1.40585, 0.527484, 2.58395, 92.06
2.27347, -1.3881, 0.496029, 2.51184, 93.3467
2.28265, -1.36333, 0.412616, 2.45852, 108.187
2.29184, -1.34446, 0.355844, 2.27931, 104.425
2.29796, -1.33361, 0.332002, 2.14023, 98.8222
2.30408, -1.32056, 0.293913, 1.94729, 81.6088
2.3102, -1.30851, 0.251701, 1.84256, 76.6355
2.31633, -1.30013, 0.248209, 1.7571, 68.6029
2.32857, -1.28096, 0.207996, 1.61779, 55.1503
2.32245, -1.29012, 0.227332, 1.72232, 63.9086
2.33469, -1.27332, 0.20079, 1.55521, 52.5358
2.34082, -1.26423, 0.186158, 1.50824, 46.153
2.34694, -1.25554, 0.171717, 1.46277, 40.7411
2.20306, -1.52317, 0.756226, 1.89311, 14.0398
2.21224, -1.50948, 0.742595, 1.9012, 10.6592
2.22143, -1.49315, 0.714517, 2.12196, 24.7233
2.23061, -1.47513, 0.684519, 2.27059, 35.1396
2.2398, -1.46063, 0.670689, 2.1885, 28.3676
2.24898, -1.43858, 0.613114, 2.48093, 58.1605
2.25816, -1.42132, 0.578878, 2.53393, 71.1233
2.26735, -1.39582, 0.499618, 2.64268, 98.5618
2.27653, -1.37784, 0.46466, 2.41701, 89.4002
2.28571, -1.35167, 0.355975, 2.21612, 100.672
2.2949, -1.33877, 0.349773, 2.13732, 91.793
2.30102, -1.32704, 0.309469, 2.10176, 92.0904
2.31327, -1.30444, 0.257766, 1.83404, 70.9752
2.30714, -1.31643, 0.292826, 1.95263, 83.4657
2.31939, -1.2932, 0.22782, 1.73872, 64.2173
2.32551, -1.28456, 0.214132, 1.63588, 59.5318
2.33163, -1.27638, 0.200724, 1.62412, 54.7928
2.34388, -1.25944, 0.177594, 1.50435, 43.0987
2.35, -1.25115, 0.162915, 1.42918, 35.9667
2.33776, -1.26762, 0.186307, 1.51856, 48.6217
2.20612, -1.51994, 0.754719, 1.83218, 9.34813
2.21531, -1.50462, 0.735721, 1.91158, 12.8692
2.22449, -1.48893, 0.713953, 2.0564, 21.092
2.23367, -1.4728, 0.689117, 2.14294, 28.1795
2.24286, -1.45114, 0.638761, 2.39983, 53.8816
2.25204, -1.43451, 0.614612, 2.43849, 56.2755
2.26122, -1.40953, 0.536864, 2.58222, 92.9545
2.27041, -1.38655, 0.467677, 2.59609, 105.936
2.27959, -1.36662, 0.422216, 2.43213, 101.723
2.28878, -1.34632, 0.339066, 2.25005, 107.449
Lattice size: 100×100
2.2, -1.53128, 0.768452, 1.76212, 7.09939
2.20918, -1.51732, 0.747309, 1.95415, 26.7417
2.21837, -1.50181, 0.729444, 2.03956, 20.1245
2.22755, -1.48683, 0.708841, 2.06345, 29.8893
2.23673, -1.46544, 0.658633, 2.51145, 69.5682
2.24592, -1.45057, 0.64575, 2.34562, 46.278
2.2551, -1.42787, 0.570493, 2.71783, 124.966
2.26429, -1.40728, 0.521957, 2.72335, 129.375
2.27347, -1.38171, 0.412786, 2.62062, 171.376
2.28265, -1.36168, 0.363182, 2.35074, 143.777
2.29184, -1.34414, 0.31601, 2.23019, 135.609
2.29796, -1.33044, 0.257507, 1.96191, 109.424
2.30408, -1.32149, 0.245384, 1.89804, 109.32
2.3102, -1.30907, 0.214863, 1.81322, 89.4678
2.31633, -1.3003, 0.202977, 1.73377, 81.2936
2.32245, -1.29149, 0.18914, 1.69303, 78.2693
2.32857, -1.28227, 0.175696, 1.59789, 63.3527
2.33469, -1.27358, 0.165883, 1.5743, 57.7441
2.34082, -1.26474, 0.145938, 1.49873, 47.3792
2.34694, -1.25741, 0.141423, 1.49399, 47.774
2.20306, -1.52584, 0.755439, 1.90521, 30.1774
2.21224, -1.51155, 0.743627, 1.94693, 12.4323
2.22143, -1.49388, 0.709219, 2.21889, 42.6847
2.23061, -1.48013, 0.702154, 2.1459, 20.2566
2.2398, -1.462, 0.664064, 2.34358, 48.0261
2.24898, -1.44228, 0.614725, 2.63198, 91.1066
2.25816, -1.41921, 0.550577, 2.79115, 116.216
2.26735, -1.40191, 0.526094, 2.55827, 98.9184
2.27653, -1.37254, 0.390207, 2.58379, 156.916
2.28571, -1.3561, 0.360371, 2.37092, 142.592
2.2949, -1.33937, 0.31262, 2.21162, 135.534
2.30102, -1.32513, 0.25484, 2.02053, 119.607
2.30714, -1.31421, 0.233061, 1.85177, 97.7604
2.31327, -1.30436, 0.211203, 1.8125, 84.1716
2.31939, -1.29497, 0.196353, 1.69341, 73.8727
2.32551, -1.28569, 0.184059, 1.65257, 67.6533
2.33776, -1.26835, 0.153129, 1.58127, 53.8903
2.33163, -1.27607, 0.166409, 1.59397, 58.0103
2.35, -1.25196, 0.137865, 1.45911, 44.4235
2.34388, -1.26083, 0.149506, 1.52533, 52.4325
2.20612, -1.51987, 0.749584, 1.95351, 27.3716
2.21531, -1.50692, 0.739983, 1.97449, 14.7385
2.22449, -1.48841, 0.702218, 2.21648, 51.8375
2.23367, -1.47248, 0.685942, 2.2509, 30.858
2.24286, -1.45296, 0.638273, 2.53513, 78.0837
2.25204, -1.43347, 0.598639, 2.59919, 84.3319
2.26122, -1.41002, 0.52486, 2.69163, 123.11
2.27041, -1.39253, 0.483199, 2.63744, 130.566
2.27959, -1.36684, 0.383437, 2.51304, 157.806
2.28878, -1.34931, 0.323198, 2.41898, 153.317
