T, ⟨ϵ⟩, ⟨|m|⟩, C_V, χ
Number of Monte Carlo cycles: 100
1, 0, 0.25125, 0, 0.249994
1.01414, -1.96, 0.98875, 0.304915, 0.0266173
1.02828, 0, 0.25125, 0, 0.243118
1.04242, 0, 0.25125, 0, 0.23982
1.05657, -1.98, 0.995, 0.141893, 0.00936998
1.07071, -1.98, 0.995, 0.13817, 0.00924623
1.08485, -1.975, 0.99375, 0.23579, 0.0159873
1.09899, -2, 1.00125, 0, -0.00683014
1.11313, -1.995, 0.99875, 0.0322018, 0.0022403
1.12727, -2.005, 1.0025, -0.0315563, -0.00889315
1.14141, -1.995, 0.99875, 0.0306257, 0.00218479
1.15556, -1.99, 0.9975, 0.0596117, 0.00430529
1.1697, -2.005, 1.0025, -0.0293088, -0.0085706
1.18384, -1.99, 0.9975, 0.0567974, 0.00420243
1.19798, -1.98, 0.995, 0.110371, 0.00826391
1.21212, -2.005, 1.0025, -0.0272931, -0.00827062
1.22626, -1.975, 0.99375, 0.184542, 0.0141436
1.2404, -1.99, 0.9975, 0.0517353, 0.00401079
1.25455, 0, 0.25125, 0, 0.19927
1.26869, -1.98, 0.995, 0.0984116, 0.00780334
1.28283, -1.965, 0.99, 0.167168, 0.0191764
1.29697, -1.975, 0.99375, 0.164969, 0.0133725
1.31111, -1.985, 0.99625, 0.069284, 0.00567744
1.32525, -1.98, 0.995, 0.0901899, 0.00747027
1.33939, -1.995, 0.99875, 0.0222411, 0.00186185
1.35354, -1.965, 0.99, 0.150159, 0.0181746
1.36768, -2, 1.00125, 0, -0.00548832
1.38182, -1.975, 0.99375, 0.145332, 0.0125514
1.39596, -1.975, 0.99375, 0.142402, 0.0124242
1.4101, -1.94, 0.98125, 0.23416, 0.0362341
1.42424, 0, 0.25125, 0, 0.175528
1.43838, -2, 1.00125, 0, -0.00521853
1.45253, -1.96, 0.98875, 0.148638, 0.018584
1.46667, 0, 0.25125, 0, 0.17045
1.48081, -1.965, 0.99, 0.125456, 0.0166126
1.49495, -1.935, 0.98125, 0.26091, 0.0341776
1.50909, 0, 0.25125, 0, 0.165659
1.52323, -1.975, 0.99375, 0.0851206, 0.00810366
1.53737, -2.005, 1.0025, -0.0169662, -0.00652086
1.55152, -1.95, 0.985, 0.162014, 0.0252012
1.56566, 0, 0.25125, 0, 0.159673
1.5798, -1.89, 0.9675, 0.333205, 0.05113
1.59394, -1.965, 0.99, 0.10828, 0.0154335
1.60808, -1.855, 0.95625, 0.41606, 0.0683074
1.62222, -1.975, 0.9925, 0.0750493, 0.0121901
1.63636, -1.95, 0.985, 0.145648, 0.0238944
1.65051, -1.805, 0.94125, 0.546185, 0.0900898
1.66465, -1.945, 0.9825, 0.154418, 0.0293005
1.67879, -1.94, 0.98125, 0.165204, 0.0304349
1.69293, -1.925, 0.9775, 0.2015, 0.0342454
1.70707, -1.94, 0.9825, 0.159775, 0.0256433
1.72121, 0, 0.25125, 0, 0.145243
1.73535, -1.855, 0.95625, 0.4104, 0.0690601
1.74949, -1.915, 0.975, 0.212727, 0.0357246
1.76364, 0, 0.25125, 0, 0.141749
1.77778, 0, 0.25125, 0, 0.140621
1.79192, -1.925, 0.9775, 0.179852, 0.0323536
1.80606, -1.9, 0.97, 0.232996, 0.042302
1.8202, 0, 0.25125, 0, 0.137344
1.83434, 0, 0.25125, 0, 0.136285
1.84848, -1.885, 0.965, 0.253768, 0.0487426
1.86263, -1.9, 0.97, 0.21906, 0.0410174
1.87677, 0, 0.25125, 0, 0.133204
1.89091, -1.85, 0.955, 0.310443, 0.0591779
1.90505, -1.955, 0.98625, 0.0969631, 0.0192875
1.91919, -1.92, 0.975, 0.166807, 0.0351711
1.93333, 0, 0.25125, 0, 0.129307
1.94747, -1.935, 0.98125, 0.132651, 0.0236685
1.96162, -1.885, 0.96625, 0.266922, 0.0473812
1.97576, -1.895, 0.96875, 0.224382, 0.0423097
1.9899, 0, 0.25125, 0, 0.125631
2.00404, -1.91, 0.97125, 0.171208, 0.039517
2.01818, 0, 0.25125, 0, 0.123871
2.03232, -1.87, 0.96125, 0.235429, 0.0474795
2.04646, 0, 0.25125, 0, 0.122159
2.06061, 0, 0.25125, 0, 0.12132
2.07475, -1.84, 0.94875, 0.273569, 0.0660291
2.08889, 0, 0.25125, 0, 0.119678
2.10303, -1.745, 0.92125, 0.420532, 0.0940042
2.11717, -1.845, 0.95125, 0.255197, 0.0604551
2.13131, -1.725, 0.91625, 0.435333, 0.0959238
2.14545, -1.68, 0.90125, 0.484556, 0.111162
2.1596, 0, 0.25125, 0, 0.11576
2.17374, -1.785, 0.935, 0.32488, 0.0727319
2.18788, -1.76, 0.925, 0.35297, 0.0856994
2.20202, -1.775, 0.93375, 0.345955, 0.072635
2.21616, -1.84, 0.95, 0.23977, 0.05866
2.2303, -1.8, 0.9375, 0.289491, 0.0714589
2.24444, -1.81, 0.94125, 0.27307, 0.0662497
2.25859, -1.78, 0.93375, 0.307064, 0.0708159
2.27273, -1.835, 0.94625, 0.234469, 0.0642152
2.28687, 0, 0.25125, 0, 0.109317
2.30101, -1.73, 0.91875, 0.367994, 0.0852207
2.31515, -1.73, 0.9175, 0.363512, 0.0875861
2.32929, 0, 0.25125, 0, 0.107326
2.34343, -1.845, 0.95375, 0.222864, 0.0507562
2.35758, 0, 0.25125, 0, 0.106038
2.37172, -1.845, 0.95375, 0.217581, 0.0501509
2.38586, -1.76, 0.9275, 0.310875, 0.0750149
2.4, -1.72, 0.91375, 0.334444, 0.0865599
Number of Monte Carlo cycles: 1000
1, -1.9985, 0.999625, 0.011991, 0.000749438
1.01414, -1.9965, 0.998875, 0.0271769, 0.00319969
1.02828, 0, 0.250125, 0, 0.243124
1.04242, 0, 0.250125, 0, 0.239826
1.05657, -1.9935, 0.998125, 0.0535961, 0.00495562
1.07071, -1.995, 0.9985, 0.0348042, 0.00372744
1.08485, 0, 0.250125, 0, 0.230447
1.09899, 0, 0.250125, 0, 0.227482
1.11313, -1.997, 0.999125, 0.0193404, 0.00201857
1.12727, 0, 0.250125, 0, 0.221774
1.14141, -1.992, 0.997625, 0.0489275, 0.0054559
1.15556, -1.9915, 0.9975, 0.0507081, 0.00560337
1.1697, -1.9935, 0.998125, 0.04373, 0.00447632
1.18384, 0, 0.250125, 0, 0.211177
1.19798, -1.9875, 0.996375, 0.0692434, 0.00767746
1.21212, -1.994, 0.998125, 0.032572, 0.00431965
1.22626, -1.988, 0.99625, 0.0634586, 0.00851673
1.2404, 0, 0.250125, 0, 0.201547
1.25455, -1.9815, 0.99425, 0.093165, 0.0126482
1.26869, -1.988, 0.99625, 0.0592855, 0.00823194
1.28283, -1.988, 0.996375, 0.062847, 0.00794918
1.29697, -1.985, 0.99525, 0.0708031, 0.0103393
1.31111, -1.9885, 0.996375, 0.0532114, 0.00777771
1.32525, -1.991, 0.99725, 0.0408109, 0.00563647
1.33939, -1.983, 0.994875, 0.0796242, 0.0105607
1.35354, 0, 0.250125, 0, 0.184701
1.36768, 0, 0.250125, 0, 0.182792
1.38182, 0, 0.250125, 0, 0.180921
1.39596, 0, 0.250125, 0, 0.179088
1.4101, 0, 0.250125, 0, 0.177292
1.42424, -1.9725, 0.9915, 0.106965, 0.0162971
1.43838, 0, 0.250125, 0, 0.173806
1.45253, -1.9575, 0.98675, 0.157726, 0.0249894
1.46667, -1.975, 0.992375, 0.091813, 0.0139892
1.48081, 0, 0.250125, 0, 0.168827
1.49495, -1.967, 0.98975, 0.116178, 0.0187831
1.50909, -1.9545, 0.986125, 0.159711, 0.0248361
1.52323, 0, 0.250125, 0, 0.164125
1.53737, -1.9395, 0.981375, 0.208739, 0.0334092
1.55152, -1.972, 0.991375, 0.0917514, 0.0151158
1.56566, 0, 0.250125, 0, 0.159677
1.5798, -1.9485, 0.98425, 0.160829, 0.0265906
1.59394, -1.9695, 0.99025, 0.0945741, 0.017328
1.60808, -1.948, 0.983875, 0.159782, 0.0274924
1.62222, 0, 0.250125, 0, 0.15411
1.63636, -1.9585, 0.987375, 0.124403, 0.0208465
1.65051, 0, 0.250125, 0, 0.151469
1.66465, -1.9485, 0.984, 0.147739, 0.0264176
1.67879, -1.947, 0.98325, 0.146457, 0.0276257
1.69293, -1.931, 0.978625, 0.188749, 0.0342143
1.70707, -1.9465, 0.98325, 0.142944, 0.0268751
1.72121, -1.9135, 0.97325, 0.228879, 0.041911
1.73535, 0, 0.250125, 0, 0.144063
1.74949, -1.919, 0.9745, 0.20314, 0.039668
1.76364, -1.91, 0.97225, 0.223636, 0.0419133
1.77778, -1.919, 0.974875, 0.20179, 0.0383765
1.79192, 0, 0.250125, 0, 0.139515
1.80606, 0, 0.250125, 0, 0.138423
1.8202, 0, 0.250125, 0, 0.137347
1.83434, 0, 0.250125, 0, 0.136289
1.84848, -1.905, 0.970625, 0.2142, 0.0423582
1.86263, 0, 0.250125, 0, 0.134219
1.87677, 0, 0.250125, 0, 0.133208
1.89091, -1.9165, 0.97375, 0.179025, 0.037677
1.90505, 0, 0.250125, 0, 0.13123
1.91919, -1.884, 0.963625, 0.239507, 0.0507805
1.93333, -1.859, 0.956125, 0.284788, 0.0597672
1.94747, -1.8355, 0.94925, 0.322665, 0.0671114
1.96162, -1.886, 0.96475, 0.231817, 0.0481897
1.97576, 0, 0.250125, 0, 0.126534
1.9899, -1.871, 0.959375, 0.245836, 0.0546
2.00404, -1.875, 0.961125, 0.237415, 0.0514984
2.01818, -1.8415, 0.95125, 0.286642, 0.0616861
2.03232, -1.809, 0.94075, 0.33849, 0.0745244
2.04646, -1.86, 0.956625, 0.25253, 0.0555712
2.06061, -1.848, 0.95275, 0.264616, 0.0594824
2.07475, -1.8365, 0.949125, 0.284597, 0.0640545
2.08889, -1.8355, 0.94925, 0.285957, 0.0632862
2.10303, -1.799, 0.938125, 0.341507, 0.0755747
2.11717, 0, 0.250125, 0, 0.118082
2.13131, -1.864, 0.95725, 0.223229, 0.053108
2.14545, -1.859, 0.95575, 0.232996, 0.0550782
2.1596, -1.8035, 0.939, 0.310805, 0.072521
2.17374, 0, 0.250125, 0, 0.115009
2.18788, 0, 0.250125, 0, 0.114266
2.20202, 0, 0.250125, 0, 0.113532
2.21616, 0, 0.250125, 0, 0.112808
2.2303, 0, 0.250125, 0, 0.112092
2.24444, 0, 0.250125, 0, 0.111386
2.25859, 0, 0.250125, 0, 0.110689
2.27273, -1.7825, 0.932625, 0.304876, 0.0748407
2.28687, -1.774, 0.929, 0.308177, 0.0788572
2.30101, -1.782, 0.932125, 0.296508, 0.0746724
2.31515, -1.737, 0.9185, 0.345401, 0.0867896
2.32929, -1.737, 0.918625, 0.345643, 0.0866196
2.34343, -1.7905, 0.935125, 0.281961, 0.0707999
2.35758, 0, 0.250125, 0, 0.106041
2.37172, -1.7575, 0.924375, 0.31018, 0.080479
2.38586, -1.716, 0.912, 0.349484, 0.0903339
2.4, -1.751, 0.92225, 0.306944, 0.0811749
Number of Monte Carlo cycles: 10000
1, -1.99675, 0.999, 0.0259577, 0.002746
1.01414, 0, 0.250013, 0, 0.246514
1.02828, 0, 0.250013, 0, 0.243124
1.04242, -1.9958, 0.998713, 0.031592, 0.00342315
1.05657, -1.99375, 0.998062, 0.0446496, 0.00507303
1.07071, -1.99705, 0.999088, 0.0205556, 0.00235514
1.08485, -1.9971, 0.9991, 0.0196843, 0.00230148
1.09899, 0, 0.250013, 0, 0.227482
1.11313, -1.9939, 0.998125, 0.0392645, 0.00461395
1.12727, -1.99265, 0.997713, 0.0461021, 0.00563667
1.14141, -1.9947, 0.998363, 0.0330724, 0.00399879
1.15556, -1.9928, 0.997738, 0.0435799, 0.00554238
1.1697, -1.9928, 0.997775, 0.0419478, 0.00524084
1.18384, -1.99175, 0.997437, 0.046899, 0.00599637
1.19798, 0, 0.250013, 0, 0.208685
1.21212, 0, 0.250013, 0, 0.20625
1.22626, 0, 0.250013, 0, 0.203871
1.2404, -1.98935, 0.996687, 0.0556, 0.00744202
1.25455, -1.98875, 0.996487, 0.0568617, 0.00779218
1.26869, -1.9853, 0.9954, 0.0725261, 0.0101013
1.28283, -1.98505, 0.995337, 0.0721333, 0.0100856
1.29697, -1.98235, 0.9945, 0.0832004, 0.011742
1.31111, 0, 0.250013, 0, 0.190678
1.32525, -1.98245, 0.99455, 0.0792396, 0.0113421
1.33939, -1.98, 0.993738, 0.0887414, 0.0130418
1.35354, -1.9801, 0.993762, 0.0860322, 0.0128326
1.36768, 0, 0.250013, 0, 0.182792
1.38182, -1.97595, 0.992475, 0.0995518, 0.0151058
1.39596, 0, 0.250013, 0, 0.179088
1.4101, -1.97315, 0.991613, 0.106577, 0.0164482
1.42424, -1.9713, 0.990988, 0.111565, 0.0175884
1.43838, -1.9698, 0.990663, 0.115784, 0.0177812
1.45253, -1.9698, 0.990537, 0.113162, 0.0180836
1.46667, -1.9686, 0.9902, 0.115687, 0.0184881
1.48081, -1.9644, 0.988875, 0.127568, 0.0207015
1.49495, -1.9647, 0.988975, 0.124488, 0.0203444
1.50909, -1.96265, 0.9883, 0.128755, 0.0214052
1.52323, -1.96255, 0.988263, 0.126707, 0.0212863
1.53737, -1.95835, 0.986912, 0.13804, 0.0235401
1.55152, -1.9554, 0.986038, 0.144917, 0.0247469
1.56566, -1.95185, 0.98495, 0.154012, 0.0264068
1.5798, -1.9509, 0.984775, 0.154485, 0.026252
1.59394, -1.93635, 0.980175, 0.195618, 0.0338644
1.60808, 0, 0.250013, 0, 0.155465
1.62222, -1.94365, 0.982475, 0.167388, 0.0294174
1.63636, 0, 0.250013, 0, 0.152778
1.65051, 0, 0.250013, 0, 0.151469
1.66465, -1.9351, 0.979688, 0.181863, 0.0332951
1.67879, -1.9354, 0.979825, 0.178867, 0.0328045
1.69293, -1.92855, 0.977688, 0.192595, 0.0357272
1.70707, -1.93025, 0.978075, 0.185629, 0.0351638
1.72121, -1.9293, 0.977938, 0.185247, 0.0348173
1.73535, 0, 0.250013, 0, 0.144063
1.74949, -1.92275, 0.976, 0.195159, 0.0369512
1.76364, -1.9094, 0.971712, 0.223497, 0.0431632
1.77778, 0, 0.250013, 0, 0.140625
1.79192, -1.90565, 0.970487, 0.224976, 0.0443329
1.80606, -1.9104, 0.972113, 0.211134, 0.0414516
1.8202, -1.90975, 0.97165, 0.20857, 0.0421575
1.83434, -1.89665, 0.967762, 0.233735, 0.0469203
1.84848, -1.90685, 0.970888, 0.209106, 0.0424049
1.86263, -1.90095, 0.96905, 0.218932, 0.044678
1.87677, 0, 0.250013, 0, 0.133208
1.89091, 0, 0.250013, 0, 0.132212
1.90505, -1.8914, 0.966087, 0.227714, 0.0475446
1.91919, -1.87985, 0.962588, 0.247674, 0.0517281
1.93333, -1.87145, 0.959912, 0.261519, 0.0550846
1.94747, 0, 0.250013, 0, 0.128371
1.96162, -1.8672, 0.958538, 0.260674, 0.0559735
1.97576, -1.86205, 0.957075, 0.266491, 0.0572083
1.9899, -1.86535, 0.957862, 0.255746, 0.0560695
2.00404, -1.8524, 0.953925, 0.274703, 0.0603573
2.01818, -1.8542, 0.954438, 0.269618, 0.0596186
2.03232, -1.85255, 0.954137, 0.268606, 0.0592236
2.04646, -1.84525, 0.9518, 0.27598, 0.061573
2.06061, -1.85, 0.953237, 0.263677, 0.0594136
2.07475, -1.8346, 0.948475, 0.285503, 0.0646251
2.08889, -1.83425, 0.948263, 0.281086, 0.0644448
2.10303, -1.83735, 0.949213, 0.272813, 0.0629841
2.11717, -1.8202, 0.94405, 0.295441, 0.0681704
2.13131, -1.83935, 0.949838, 0.262491, 0.0614222
2.14545, -1.8297, 0.946963, 0.274429, 0.064193
2.1596, -1.81825, 0.94335, 0.287545, 0.0678428
2.17374, -1.81085, 0.9412, 0.295714, 0.0697049
2.18788, -1.80645, 0.939638, 0.295176, 0.0708222
2.20202, -1.81345, 0.941863, 0.281713, 0.0679172
2.21616, -1.8012, 0.937937, 0.295379, 0.0718892
2.2303, -1.80765, 0.939975, 0.284265, 0.0694246
2.24444, 0, 0.250013, 0, 0.111386
2.25859, -1.7838, 0.932662, 0.308678, 0.0760155
2.27273, -1.7825, 0.932175, 0.304722, 0.0758996
2.28687, -1.7718, 0.928937, 0.314756, 0.0786121
2.30101, -1.7717, 0.928837, 0.311015, 0.0783215
2.31515, -1.76505, 0.926825, 0.314555, 0.0796413
2.32929, -1.76335, 0.926113, 0.311926, 0.079976
2.34343, -1.759, 0.924775, 0.31387, 0.0808492
2.35758, -1.7612, 0.925638, 0.309005, 0.0795121
2.37172, -1.7566, 0.9245, 0.310296, 0.0796887
2.38586, -1.7482, 0.921562, 0.315651, 0.0823457
2.4, -1.7501, 0.922113, 0.309965, 0.0814205
Number of Monte Carlo cycles: 100000
1, 0, 0.250001, 0, 0.25
1.01414, -1.99663, 0.998946, 0.0262082, 0.00291681
1.02828, 0, 0.250001, 0, 0.243124
1.04242, -1.99608, 0.998779, 0.0289131, 0.0032631
1.05657, -1.99604, 0.99876, 0.0283225, 0.00328787
1.07071, -1.99507, 0.998463, 0.0343181, 0.00400254
1.08485, -1.99501, 0.998439, 0.0338351, 0.00402614
1.09899, -1.9943, 0.998221, 0.0377139, 0.00451764
1.11313, -1.99429, 0.998214, 0.0367935, 0.00448261
1.12727, -1.9931, 0.997853, 0.043258, 0.00529735
1.14141, -1.99336, 0.997919, 0.0406989, 0.00511223
1.15556, 0, 0.250001, 0, 0.216346
1.1697, -1.99158, 0.997371, 0.0490551, 0.00627073
1.18384, -1.99107, 0.997221, 0.0508327, 0.00651408
1.19798, -1.99067, 0.99709, 0.0517657, 0.00675815
1.21212, -1.98874, 0.996495, 0.0609386, 0.00802383
1.22626, -1.98799, 0.996258, 0.0635381, 0.00848022
1.2404, -1.98739, 0.996059, 0.0651526, 0.00884822
1.25455, -1.9874, 0.996054, 0.0636419, 0.00878024
1.26869, -1.98564, 0.99551, 0.0709105, 0.00985614
1.28283, -1.98401, 0.995016, 0.0773053, 0.0107833
1.29697, -1.98279, 0.99463, 0.0811677, 0.0114803
1.31111, -1.98196, 0.994386, 0.083291, 0.0118422
1.32525, 0, 0.250001, 0, 0.188643
1.33939, 0, 0.250001, 0, 0.186652
1.35354, -1.97782, 0.993058, 0.0959311, 0.0142532
1.36768, 0, 0.250001, 0, 0.182792
1.38182, -1.97613, 0.992566, 0.0989629, 0.0148619
1.39596, 0, 0.250001, 0, 0.179088
1.4101, 0, 0.250001, 0, 0.177292
1.42424, -1.97159, 0.991124, 0.110651, 0.0172424
1.43838, 0, 0.250001, 0, 0.173806
1.45253, 0, 0.250001, 0, 0.172114
1.46667, -1.96605, 0.989383, 0.124266, 0.0199937
1.48081, -1.9644, 0.988879, 0.12786, 0.0207135
1.49495, -1.9629, 0.988413, 0.13061, 0.0213605
1.50909, -1.96039, 0.987635, 0.136756, 0.022539
1.52323, -1.95961, 0.987385, 0.136673, 0.0227729
1.53737, 0, 0.250001, 0, 0.162615
1.55152, -1.95531, 0.986064, 0.145767, 0.0246441
1.56566, -1.95165, 0.984882, 0.154503, 0.0265198
1.5798, -1.95216, 0.985043, 0.150161, 0.0260065
1.59394, 0, 0.250001, 0, 0.156844
1.60808, -1.94667, 0.983329, 0.161452, 0.028435
1.62222, -1.9444, 0.982607, 0.164871, 0.029364
1.63636, -1.94138, 0.981668, 0.170495, 0.0306201
1.65051, -1.93836, 0.980735, 0.176245, 0.0318663
1.66465, -1.93596, 0.98, 0.1798, 0.0327427
1.67879, 0, 0.250001, 0, 0.148917
1.69293, 0, 0.250001, 0, 0.147673
1.70707, -1.92809, 0.977533, 0.191536, 0.0357869
1.72121, 0, 0.250001, 0, 0.145246
1.73535, -1.92348, 0.976111, 0.196256, 0.0372632
1.74949, -1.92003, 0.97502, 0.201881, 0.0386706
1.76364, 0, 0.250001, 0, 0.141753
1.77778, -1.91338, 0.972974, 0.21119, 0.0410011
1.79192, 0, 0.250001, 0, 0.139515
1.80606, -1.9058, 0.970604, 0.221294, 0.04372
1.8202, -1.90659, 0.970789, 0.216417, 0.0432558
1.83434, -1.90294, 0.969676, 0.220789, 0.0444052
1.84848, 0, 0.250001, 0, 0.135246
1.86263, -1.89749, 0.968034, 0.226096, 0.0459594
1.87677, -1.89028, 0.965771, 0.236918, 0.0486321
1.89091, -1.88984, 0.96561, 0.234823, 0.04859
1.90505, -1.88302, 0.963491, 0.24438, 0.0509755
1.91919, -1.88345, 0.963627, 0.240302, 0.0504552
1.93333, -1.87769, 0.961829, 0.247839, 0.0524376
1.94747, -1.87843, 0.962045, 0.242753, 0.0517812
1.96162, 0, 0.250001, 0, 0.127446
1.97576, -1.86987, 0.959422, 0.251846, 0.0543431
1.9899, 0, 0.250001, 0, 0.125635
2.00404, -1.86217, 0.956994, 0.257999, 0.0565879
2.01818, -1.85736, 0.955476, 0.262558, 0.0580612
2.03232, -1.85591, 0.955036, 0.262186, 0.0582784
2.04646, -1.84975, 0.953145, 0.268065, 0.0599978
2.06061, 0, 0.250001, 0, 0.121324
2.07475, -1.83896, 0.949773, 0.278195, 0.0631637
2.08889, -1.83963, 0.94998, 0.273719, 0.0625342
2.10303, -1.83346, 0.948079, 0.279704, 0.0642807
2.11717, -1.82902, 0.946729, 0.282667, 0.0653283
2.13131, -1.82607, 0.945741, 0.283781, 0.0661618
2.14545, -1.82276, 0.94483, 0.284736, 0.0665407
2.1596, -1.81856, 0.943469, 0.286921, 0.0676559
2.17374, -1.81547, 0.942509, 0.287508, 0.0682472
2.18788, -1.80706, 0.939914, 0.296132, 0.0706443
2.20202, -1.80997, 0.940735, 0.287941, 0.0693843
2.21616, -1.80386, 0.938881, 0.292732, 0.0708592
2.2303, -1.79801, 0.937046, 0.296374, 0.0722883
2.24444, -1.7938, 0.93572, 0.298735, 0.0733087
2.25859, -1.78749, 0.933767, 0.30261, 0.0747605
2.27273, -1.78523, 0.933045, 0.301386, 0.0750104
2.28687, -1.77982, 0.931466, 0.304635, 0.0760188
2.30101, -1.77716, 0.930561, 0.304315, 0.0765731
2.31515, -1.77042, 0.928523, 0.308223, 0.0779599
2.32929, -1.77002, 0.928356, 0.305427, 0.0777752
2.34343, 0, 0.250001, 0, 0.106681
2.35758, -1.75927, 0.924943, 0.310478, 0.0801949
2.37172, 0, 0.250001, 0, 0.105409
2.38586, -1.75181, 0.922699, 0.311101, 0.0811869
2.4, -1.74393, 0.92033, 0.316367, 0.0828378
Analyticals solution:
1, -1.99598, 0.998661, 0.0320823, 0.00401074
1.01414, -1.99551, 0.998503, 0.0348595, 0.00441961
1.02828, -1.995, 0.998332, 0.0377744, 0.00485602
1.04242, -1.99444, 0.998147, 0.0408264, 0.00532063
1.05657, -1.99384, 0.997947, 0.0440149, 0.00581408
1.07071, -1.99319, 0.997732, 0.0473388, 0.00633695
1.08485, -1.9925, 0.9975, 0.0507965, 0.00688975
1.09899, -1.99176, 0.997253, 0.0543862, 0.00747295
1.11313, -1.99096, 0.996987, 0.0581057, 0.00808694
1.12727, -1.99011, 0.996705, 0.0619526, 0.00873208
1.14141, -1.98921, 0.996403, 0.065924, 0.00940865
1.15556, -1.98825, 0.996083, 0.0700169, 0.0101169
1.1697, -1.98723, 0.995743, 0.0742279, 0.0108569
1.18384, -1.98615, 0.995383, 0.0785534, 0.0116288
1.19798, -1.98501, 0.995003, 0.0829895, 0.0124327
1.21212, -1.9838, 0.994601, 0.0875322, 0.0132684
1.22626, -1.98253, 0.994177, 0.0921771, 0.014136
1.2404, -1.98119, 0.993732, 0.0969197, 0.0150353
1.25455, -1.97979, 0.993264, 0.101755, 0.0159661
1.26869, -1.97831, 0.992773, 0.106679, 0.0169281
1.28283, -1.97677, 0.992258, 0.111687, 0.017921
1.29697, -1.97516, 0.99172, 0.116772, 0.0189444
1.31111, -1.97347, 0.991158, 0.121931, 0.019998
1.32525, -1.97171, 0.990571, 0.127157, 0.0210811
1.33939, -1.96987, 0.989959, 0.132446, 0.0221934
1.35354, -1.96796, 0.989323, 0.137792, 0.0233342
1.36768, -1.96597, 0.988661, 0.143189, 0.0245029
1.38182, -1.96391, 0.987973, 0.148632, 0.0256988
1.39596, -1.96177, 0.98726, 0.154116, 0.0269213
1.4101, -1.95955, 0.986521, 0.159635, 0.0281696
1.42424, -1.95725, 0.985756, 0.165183, 0.0294429
1.43838, -1.95488, 0.984965, 0.170755, 0.0307403
1.45253, -1.95243, 0.984147, 0.176346, 0.0320611
1.46667, -1.94989, 0.983303, 0.181949, 0.0334044
1.48081, -1.94728, 0.982433, 0.187561, 0.0347692
1.49495, -1.94459, 0.981536, 0.193175, 0.0361547
1.50909, -1.94182, 0.980613, 0.198786, 0.0375598
1.52323, -1.93896, 0.979664, 0.204389, 0.0389835
1.53737, -1.93603, 0.978688, 0.20998, 0.040425
1.55152, -1.93303, 0.977686, 0.215552, 0.0418831
1.56566, -1.92994, 0.976658, 0.221102, 0.0433569
1.5798, -1.92677, 0.975604, 0.226624, 0.0448453
1.59394, -1.92353, 0.974524, 0.232115, 0.0463473
1.60808, -1.92021, 0.973418, 0.237569, 0.0478617
1.62222, -1.91681, 0.972287, 0.242982, 0.0493876
1.63636, -1.91334, 0.97113, 0.248351, 0.0509239
1.65051, -1.90979, 0.969948, 0.25367, 0.0524695
1.66465, -1.90616, 0.968742, 0.258936, 0.0540234
1.67879, -1.90246, 0.967511, 0.264146, 0.0555845
1.69293, -1.89869, 0.966255, 0.269296, 0.0571518
1.70707, -1.89485, 0.964976, 0.274381, 0.0587241
1.72121, -1.89093, 0.963673, 0.2794, 0.0603005
1.73535, -1.88695, 0.962346, 0.284349, 0.06188
1.74949, -1.88289, 0.960997, 0.289225, 0.0634614
1.76364, -1.87877, 0.959624, 0.294024, 0.0650439
1.77778, -1.87457, 0.95823, 0.298745, 0.0666264
1.79192, -1.87032, 0.956813, 0.303385, 0.068208
1.80606, -1.86599, 0.955375, 0.307942, 0.0697877
1.8202, -1.86161, 0.953916, 0.312413, 0.0713645
1.83434, -1.85716, 0.952437, 0.316796, 0.0729376
1.84848, -1.85265, 0.950936, 0.321089, 0.074506
1.86263, -1.84808, 0.949416, 0.325291, 0.0760688
1.87677, -1.84345, 0.947877, 0.3294, 0.0776253
1.89091, -1.83876, 0.946319, 0.333415, 0.0791745
1.90505, -1.83402, 0.944742, 0.337334, 0.0807156
1.91919, -1.82922, 0.943147, 0.341156, 0.082248
1.93333, -1.82437, 0.941534, 0.344881, 0.0837707
1.94747, -1.81947, 0.939904, 0.348506, 0.0852831
1.96162, -1.81451, 0.938258, 0.352032, 0.0867844
1.97576, -1.80951, 0.936596, 0.355458, 0.088274
1.9899, -1.80446, 0.934917, 0.358783, 0.0897512
2.00404, -1.79936, 0.933224, 0.362007, 0.0912153
2.01818, -1.79422, 0.931516, 0.365129, 0.0926658
2.03232, -1.78904, 0.929793, 0.36815, 0.0941021
2.04646, -1.78381, 0.928057, 0.37107, 0.0955235
2.06061, -1.77854, 0.926307, 0.373887, 0.0969296
2.07475, -1.77324, 0.924545, 0.376604, 0.0983199
2.08889, -1.76789, 0.92277, 0.379219, 0.0996938
2.10303, -1.76251, 0.920983, 0.381734, 0.101051
2.11717, -1.7571, 0.919185, 0.384148, 0.102391
2.13131, -1.75165, 0.917376, 0.386462, 0.103713
2.14545, -1.74617, 0.915557, 0.388677, 0.105018
2.1596, -1.74066, 0.913728, 0.390793, 0.106304
2.17374, -1.73511, 0.911889, 0.392812, 0.107571
2.18788, -1.72955, 0.910041, 0.394733, 0.108819
2.20202, -1.72395, 0.908185, 0.396559, 0.110048
2.21616, -1.71833, 0.90632, 0.398289, 0.111258
2.2303, -1.71269, 0.904448, 0.399925, 0.112448
2.24444, -1.70702, 0.902568, 0.401468, 0.113617
2.25859, -1.70133, 0.900682, 0.402918, 0.114767
2.27273, -1.69562, 0.898789, 0.404278, 0.115896
2.28687, -1.6899, 0.896891, 0.405548, 0.117005
2.30101, -1.68416, 0.894987, 0.40673, 0.118093
2.31515, -1.6784, 0.893078, 0.407825, 0.119161
2.32929, -1.67262, 0.891164, 0.408834, 0.120207
2.34343, -1.66683, 0.889246, 0.409758, 0.121233
2.35758, -1.66103, 0.887324, 0.410599, 0.122237
2.37172, -1.65522, 0.885398, 0.411358, 0.123221
2.38586, -1.6494, 0.88347, 0.412038, 0.124183
2.4, -1.64357, 0.881538, 0.412638, 0.125125
